PACKAGE_USAGE__VERSION_1
com.google.android.youtube 1720652210349 1720668382342 0 1720668371184 1720668370307 0 0 0
com.google.android.ext.services 0 1720668384915 0 0 0 0 0 0
com.android.providers.telephony 0 0 0 0 1720668356303 0 1720668356456 0
com.android.dynsystem 0 0 0 1720668364837 0 0 0 0
com.google.android.googlequicksearchbox 0 1720734411256 0 1720734381087 1720668360379 0 0 0
com.android.providers.calendar 0 0 0 1720732576360 1720668365208 0 0 0
org.telegram.messenger 1720734398025 0 0 1720668373016 1720734398015 0 0 0
com.android.providers.media 0 1720734375359 0 1720668374347 1720732741231 0 1720668360662 0
com.google.android.onetimeinitializer 0 0 0 1720668368350 0 0 0 0
com.android.documentsui 1720734356558 0 0 0 1720734356468 0 0 0
com.android.externalstorage 0 0 0 1720668360264 1720733729921 0 0 0
com.android.providers.downloads 0 0 0 1720668365305 1720732741231 0 1720732741358 0
com.google.android.apps.messaging 1720732745277 1720732759146 0 1720734426641 1720734426634 0 0 0
com.discord 1720733683097 1720663914445 0 1720663914420 1720733683090 0 0 0
com.google.android.configupdater 0 0 0 1720733302598 1720733302480 0 0 0
com.brave.browser 1720732921625 1720732921703 0 1720732755595 1720732921619 0 0 0
android 0 1720734319255 0 1720668362440 1720668354616 0 0 0
com.android.contacts 1720734349693 0 0 1720668364671 1720734349691 0 0 0
com.android.camera2 1720734335825 0 0 0 0 0 0 0
bdlxtspya.heihqyeizynsrdfg.tpqlhhugp 1720668325358 1720668363680 1720668362649 1720734378604 0 0 0 0
com.android.mtp 0 0 0 0 1720733730069 0 0 0
com.android.ons 0 1720668365125 0 1720668365115 0 0 1720668365116 0
com.android.stk 0 1720668365375 0 1720668365328 0 0 1720668365329 0
com.google.android.deskclock 1720734338766 0 0 1720732572779 0 0 0 0
com.google.android.gm 1720732739667 1720732741673 0 1720732741669 1720732739656 0 0 0
com.google.android.permissioncontroller 1720734374708 1720734376458 0 1720668368691 1720734374702 0 0 0
com.google.android.setupwizard 0 0 0 0 1720663654136 0 0 0
com.android.providers.settings 0 0 0 0 1720668354616 0 1720668354618 0
com.google.android.angle 0 0 0 1720668365676 1720668365669 0 0 0
com.android.printspooler 0 1720668360859 0 0 0 0 0 0
com.android.se 0 1720668359958 0 0 0 0 0 0
com.twitter.android 1720733726147 1720733845791 0 1720732572938 1720733784681 0 0 0
com.google.android.apps.docs 1720734288881 1720734319313 0 1720734380780 1720734319305 0 0 0
com.google.android.apps.maps 0 1720668367027 0 1720668377912 1720668377387 0 0 0
com.android.cellbroadcastreceiver 0 1720668364610 0 1720668364603 1720668357382 0 0 0
com.google.android.webview 0 1720733727191 0 0 0 0 1720733785191 0
com.google.android.networkstack 0 1720668356087 0 0 0 0 0 0
com.android.server.telecom 0 1720668355578 0 0 0 0 1720668356329 0
com.google.android.syncadapters.contacts 0 1720668369778 0 1720668369636 1720668369634 0 0 0
com.android.keychain 0 1720668387441 0 0 0 0 0 0
com.android.service.ims 0 1720668360173 0 0 0 0 0 0
com.android.chrome 1720734293352 1720734399389 1720734320807 1720734296114 1720734398851 0 0 0
com.android.dialer 0 1720668377278 0 1720732666717 1720668377225 0 0 0
com.google.android.packageinstaller 1720733736955 0 0 1720668368445 1720733736556 0 0 0
com.google.android.gms 0 1720734424921 0 1720734413565 1720734377204 0 1720734322707 0
com.google.android.gsf 0 0 0 1720668381654 1720668360832 0 0 0
com.google.android.ims 0 1720732672038 0 1720668368214 1720668365289 0 0 0
com.google.android.tts 0 1720733698015 0 0 0 0 0 0
com.google.android.partnersetup 0 1720668369231 0 1720668368596 1720668361479 0 0 0
com.android.localtransport 0 1720668362771 0 0 0 0 0 0
com.google.android.videos 0 1720668382168 0 1720668370207 1720668369826 0 0 0
com.google.android.apps.nexuslauncher 1720668359731 1720668359856 0 1720668368253 0 0 0 0
com.google.android.apps.photos 1720734372525 1720734413568 0 1720734380779 1720734385044 0 0 0
com.google.android.calendar 1720732735446 1720732754146 0 1720732754151 1720732738035 0 0 0
com.android.managedprovisioning 0 0 0 1720668364970 0 0 0 0
com.facebook.katana 1720664294563 1720733723242 0 1720668381678 1720733685544 0 0 0
com.android.emulator.multidisplay 0 1720668378468 0 1720668378457 0 0 0 0
com.android.smspush 0 1720668360288 0 0 0 0 0 0
com.android.service.ims.presence 0 0 0 1720668364507 1720668359932 0 1720668360140 0
com.facebook.orca 1720734410262 1720734411075 0 1720734411011 1720733692267 0 0 0
org.mozilla.firefox 1720734386872 1720734425278 0 1720732574774 1720734424590 0 0 0
com.android.settings 1720733716169 0 0 1720668365324 1720733716158 0 0 0
com.google.android.projection.gearhead 0 1720732762523 0 1720668374349 1720732762521 0 0 0
com.android.omadm.service 0 0 0 1720668365091 0 0 0 0
com.google.android.apps.wallpaper 0 0 0 1720732576017 1720732576013 0 0 0
com.android.phone 0 1720668364677 0 1720668365126 1720668356303 0 0 0
com.android.providers.blockednumber 0 0 0 0 1720734349784 0 1720734349822 0
com.android.providers.userdictionary 0 0 0 0 1720734349784 0 1720734349819 0
com.android.location.fused 0 1720668356315 0 0 0 0 1720668357064 0
com.android.systemui 0 1720668355920 0 0 1720668355915 0 0 0
com.android.traceur 0 0 0 1720668365464 1720668365459 0 0 0
com.android.providers.contacts 0 0 0 0 1720734349785 0 1720668358692 0
com.google.android.inputmethod.latin 0 1720734307694 0 1720668368243 0 0 0 0
