Num       RefCount Protocol Flags    Type St Inode Path
ffff8d758468ec00: 00000003 00000000 00000000 0001 03 36029 /run/systemd/journal/stdout
ffff8d769624b000: 00000002 00000000 00000000 0002 03 19697
ffff8d768cb43800: 00000003 00000000 00000000 0001 03 19145 /run/systemd/journal/stdout
ffff8d768c941800: 00000003 00000000 00000000 0001 03 20544
ffff8d768951d800: 00000003 00000000 00000000 0001 03 16187
ffff8d76a5df7800: 00000003 00000000 00000000 0001 03 34074 /run/user/1000/bus
ffff8d758462e400: 00000003 00000000 00000000 0001 03 31350 /run/user/1000/bus
ffff8d75d7a97c00: 00000003 00000000 00000000 0001 03 30513 /run/user/1000/at-spi/bus
ffff8d75c2b17000: 00000003 00000000 00000000 0001 03 30831
ffff8d769bc05800: 00000003 00000000 00000000 0001 03 28027
ffff8d75d7a97800: 00000003 00000000 00000000 0005 03 42141
ffff8d758d67e800: 00000003 00000000 00000000 0001 03 27849
ffff8d758468e800: 00000003 00000000 00000000 0001 03 42199 /run/user/1000/wayland-0
ffff8d768cb43c00: 00000003 00000000 00000000 0001 03 19551 /run/dbus/system_bus_socket
ffff8d768c941c00: 00000003 00000000 00000000 0001 03 18353
ffff8d768951dc00: 00000003 00000000 00000000 0001 03 16184
ffff8d758462e000: 00000003 00000000 00000000 0001 03 31294 @/tmp/.X11-unix/X0
ffff8d76a5df7c00: 00000003 00000000 00000000 0001 03 34072
ffff8d75c2b17400: 00000003 00000000 00000000 0001 03 30340 /run/user/1000/bus
ffff8d758d67ec00: 00000003 00000000 00000000 0001 03 27750
ffff8d769625b400: 00000003 00000000 00000000 0001 03 22861 /run/cups/cups.sock
ffff8d769bc05c00: 00000003 00000000 00000000 0001 03 20587 /run/dbus/system_bus_socket
ffff8d769624b400: 00000003 00000000 00000000 0001 03 19554
ffff8d758462ec00: 00000003 00000000 00000000 0002 03 28674
ffff8d768cb43000: 00000003 00000000 00000000 0001 03 19502 /run/dbus/system_bus_socket
ffff8d758468e400: 00000003 00000000 00000000 0001 03 41306
ffff8d768c941000: 00000003 00000000 00000000 0001 03 20493
ffff8d75d7a97400: 00000003 00000000 00000000 0001 03 31034 /run/user/1000/bus
ffff8d758d67e000: 00000003 00000000 00000000 0001 03 28785 /run/systemd/journal/stdout
ffff8d76a5df7000: 00000003 00000000 00000000 0001 03 34073
ffff8d769625b800: 00000003 00000000 00000000 0001 03 31805 /run/systemd/journal/stdout
ffff8d75c2b17800: 00000003 00000000 00000000 0001 03 30609 /run/systemd/journal/stdout
ffff8d769624b800: 00000003 00000000 00000000 0001 03 19612
ffff8d758d67e400: 00000002 00000000 00000000 0002 03 27763
ffff8d768c941400: 00000003 00000000 00000000 0001 03 18951 /run/systemd/journal/stdout
ffff8d758468e000: 00000003 00000000 00000000 0001 03 41004
ffff8d769624bc00: 00000003 00000000 00000000 0001 03 21902 /run/systemd/journal/stdout
ffff8d75c2b17c00: 00000003 00000000 00000000 0001 03 42255 /run/user/1000/bus
ffff8d75d7a97000: 00000003 00000000 00000000 0001 03 30526
ffff8d768951c800: 00000003 00000000 00000000 0001 03 17247 /run/systemd/journal/stdout
ffff8d758468fc00: 00000003 00000000 00000000 0001 03 36030
ffff8d75c2b16000: 00000003 00000000 00000000 0001 03 30607
ffff8d758462f400: 00000002 00000000 00000000 0001 03 25808 /run/gdm3/dbus/dbus-wbmj1BvW
ffff8d769625a000: 00000003 00000000 00000000 0001 03 21234
ffff8d769bc04800: 00000003 00000000 00000000 0001 03 20586
ffff8d768c940800: 00000002 00000000 00000000 0002 03 19369
ffff8d768cba0c00: 00000002 00000000 00010000 0001 01 17749 /var/run/vmware/guestServicePipe
ffff8d75d7a96c00: 00000003 00000000 00000000 0001 03 30565
ffff8d758d67f800: 00000003 00000000 00000000 0001 03 27748
ffff8d769624a000: 00000003 00000000 00000000 0001 03 21236
ffff8d758468f800: 00000003 00000000 00000000 0001 03 36040 /run/user/1000/bus
ffff8d758d67fc00: 00000002 00000000 00000000 0002 03 27882
ffff8d768cb42c00: 00000003 00000000 00000000 0001 03 19178 /run/systemd/journal/stdout
ffff8d769625a400: 00000003 00000000 00000000 0001 03 21712
ffff8d768c940c00: 00000002 00000000 00000000 0002 01 20483
ffff8d768cba2000: 00000003 00000000 00000000 0001 03 18356 /run/dbus/system_bus_socket
ffff8d768951cc00: 00000003 00000000 00000000 0002 03 16294
ffff8d758462f000: 00000003 00000000 00000000 0001 03 31903
ffff8d75d7a96800: 00000003 00000000 00000000 0001 03 30532
ffff8d75c2b16400: 00000003 00000000 00000000 0001 03 29502 /run/systemd/journal/stdout
ffff8d769bc04c00: 00000003 00000000 00000000 0001 03 27900 /run/systemd/oom/io.systemd.ManagedOOM
ffff8d769624a400: 00000003 00000000 00000000 0001 03 21237
ffff8d768951c000: 00000003 00000000 00000000 0001 03 28786 /run/systemd/journal/stdout
ffff8d768c940000: 00000003 00000000 00000000 0001 03 19667 /run/dbus/system_bus_socket
ffff8d75d7a96400: 00000003 00000000 00000000 0001 03 30533 /run/dbus/system_bus_socket
ffff8d769bc04000: 00000003 00000000 00000000 0001 03 28510
ffff8d75c2b16800: 00000003 00000000 00000000 0001 03 29501
ffff8d76a5df6000: 00000003 00000000 00000000 0001 03 23231 /run/systemd/journal/stdout
ffff8d758462fc00: 00000003 00000000 00000000 0001 03 31873
ffff8d769624a800: 00000003 00000000 00000000 0001 03 21164
ffff8d769625a800: 00000003 00000000 00000000 0001 03 20965 /run/dbus/system_bus_socket
ffff8d758468f000: 00000003 00000000 00000000 0001 03 41003
ffff8d758468f400: 00000003 00000000 00000000 0005 03 40506
ffff8d768c940400: 00000003 00000000 00000000 0001 03 19351
ffff8d768cb42400: 00000003 00000000 00000000 0001 03 19144
ffff8d768951c400: 00000003 00000000 00000000 0001 03 16182
ffff8d769625ac00: 00000003 00000000 00000000 0001 03 21694
ffff8d758462f800: 00000003 00000000 00000000 0001 03 31911
ffff8d75c2b16c00: 00000003 00000000 00000000 0001 03 31133 /run/user/1000/bus
ffff8d75d7a96000: 00000003 00000000 00000000 0001 03 30512
ffff8d769624ac00: 00000003 00000000 00000000 0001 03 19629
ffff8d768c943800: 00000003 00000000 00000000 0001 03 20546 /run/systemd/journal/stdout
ffff8d7696249000: 00000002 00000000 00000000 0002 03 19663
ffff8d768951f800: 00000003 00000000 00000000 0001 03 17249 /run/systemd/journal/stdout
ffff8d758468c800: 00000003 00000000 00000000 0005 03 40505
ffff8d758468cc00: 00000003 00000000 00000000 0001 03 36039
ffff8d75c2b15000: 00000002 00000000 00000000 0002 01 30592
ffff8d768cb41800: 00000003 00000000 00000000 0001 03 19198
ffff8d76a5df5800: 00000003 00000000 00000000 0001 03 35052 /run/user/1000/pipewire-0
ffff8d769bc07800: 00000003 00000000 00000000 0001 03 28783
ffff8d758d67c800: 00000003 00000000 00000000 0001 03 26580 /run/gdm3/dbus/dbus-2piJOJUp
ffff8d75d7a95c00: 00000003 00000000 00000000 0001 03 30574
ffff8d7696259000: 00000003 00000000 00000000 0001 03 21215 /run/dbus/system_bus_socket
ffff8d76a5df5c00: 00000003 00000000 00000000 0001 03 35043 /run/user/1000/wayland-0
ffff8d758462c000: 00000003 00000000 00000000 0001 03 31295 @/tmp/.X11-unix/X0
ffff8d75d7a95800: 00000003 00000000 00000000 0001 03 30552 /run/dbus/system_bus_socket
ffff8d758d67cc00: 00000003 00000000 00000000 0001 03 26578 /run/systemd/journal/stdout
ffff8d7696259400: 00000003 00000000 00000000 0001 03 21235
ffff8d768c943c00: 00000002 00000000 00000000 0002 03 18351
ffff8d768951fc00: 00000003 00000000 00000000 0002 03 16293
ffff8d75c2b15400: 00000003 00000000 00000000 0001 03 29500 /run/systemd/journal/stdout
ffff8d768cba1c00: 00000002 00000000 00000000 0002 03 17552
ffff8d758468c400: 00000003 00000000 00000000 0001 03 41294
ffff8d768cb41000: 00000003 00000000 00000000 0001 03 19207
ffff8d758462cc00: 00000003 00000000 00000000 0001 03 31907 /run/user/1000/bus
ffff8d75d7a95400: 00000003 00000000 00000000 0001 03 30530 /run/user/1000/at-spi/bus
ffff8d758d67c000: 00000003 00000000 00000000 0001 03 26579 /run/systemd/journal/stdout
ffff8d768c943000: 00000003 00000000 00000000 0002 03 18383
ffff8d768951f000: 00000002 00000000 00000000 0002 03 16286
ffff8d75c2b15800: 00000003 00000000 00000000 0001 03 31041 /run/user/1000/bus
ffff8d7696249800: 00000003 00000000 00000000 0001 03 28796
ffff8d76a5df5000: 00000003 00000000 00000000 0001 03 23679
ffff8d7696259800: 00000003 00000000 00000000 0001 03 22871 /run/cups/cups.sock
ffff8d769bc07000: 00000003 00000000 00000000 0001 03 21901 /run/systemd/journal/stdout
ffff8d758468c000: 00000003 00000000 00000000 0001 03 36031 /run/systemd/journal/stdout
ffff8d768cba1800: 00000002 00000000 00000000 0002 03 27872
ffff8d7696249c00: 00000002 00000000 00000000 0002 03 19631
ffff8d768951f400: 00000003 00000000 00000000 0001 03 18355 /run/dbus/system_bus_socket
ffff8d768cb41400: 00000003 00000000 00000000 0001 03 19200
ffff8d75c2b15c00: 00000003 00000000 00000000 0001 03 42256
ffff8d758462c800: 00000003 00000000 00000000 0001 03 31902 @/tmp/.X11-unix/X0
ffff8d75d7a95000: 00000003 00000000 00000000 0001 03 30511 /run/user/1000/bus
ffff8d758d67c400: 00000003 00000000 00000000 0001 03 26611 /run/systemd/journal/stdout
ffff8d7696259c00: 00000003 00000000 00000000 0001 03 21214
ffff8d768c943400: 00000002 00000000 00000000 0002 01 19340
ffff8d768cb40800: 00000003 00000000 00000000 0001 03 19202 /run/systemd/journal/stdout
ffff8d768c942800: 00000003 00000000 00000000 0001 03 18278
ffff8d758468dc00: 00000002 00000000 00000000 0002 03 42568
ffff8d769bc06800: 00000003 00000000 00000000 0001 03 21160
ffff8d768cba0400: 00000003 00000000 00000000 0001 03 16275 /run/systemd/io.systemd.ManagedOOM
ffff8d768951e800: 00000002 00000000 00000000 0002 03  9811
ffff8d75c2b14000: 00000003 00000000 00000000 0001 03 29462 /run/user/1000/bus
ffff8d758d67d800: 00000003 00000000 00000000 0001 03 27749
ffff8d7696258000: 00000003 00000000 00000000 0001 03 20909 /run/dbus/system_bus_socket
ffff8d768c942c00: 00000003 00000000 00000000 0001 03 28677 /run/dbus/system_bus_socket
ffff8d768951ec00: 00000003 00000000 00000000 0001 03 17248 /run/systemd/journal/stdout
ffff8d758468d800: 00000003 00000000 00000000 0001 03 42580
ffff8d768cb40c00: 00000003 00000000 00000000 0001 03 19176
ffff8d758462d000: 00000003 00000000 00000000 0001 03 31904 @/tmp/.X11-unix/X0
ffff8d75d7a94800: 00000003 00000000 00000000 0001 03 31102 /run/user/1000/pulse/native
ffff8d75c2b14400: 00000003 00000000 00000000 0001 03 29499
ffff8d769bc06c00: 00000003 00000000 00000000 0001 03 28678
ffff8d7696258400: 00000003 00000000 00000000 0001 03 21221
ffff8d7696248400: 00000003 00000000 00000000 0001 03 19555 /run/dbus/system_bus_socket
ffff8d75d7a94c00: 00000003 00000000 00000000 0005 03 42140
ffff8d76a3236800: 00000002 00000000 00000000 0002 01 26624 /run/user/1000/systemd/notify
ffff8d758d67dc00: 00000003 00000000 00000000 0001 03 27751
ffff8d7599794400: 00000002 00000000 00010000 0001 01 29226 /tmp/.ICE-unix/2947
ffff8d758462d400: 00000002 00000000 00010000 0001 01 28675 /run/user/1000/systemd/private
ffff8d758468d400: 00000003 00000000 00000000 0001 03 36028
ffff8d758d67f000: 00000002 00000000 00010000 0001 01 27903 /run/user/1000/bus
ffff8d768cb40000: 00000003 00000000 00000000 0001 03 19199
ffff8d768c942000: 00000003 00000000 00000000 0001 03 18352
ffff8d75c2b14800: 00000003 00000000 00000000 0001 03 30584
ffff8d75bc36f000: 00000002 00000000 00010000 0001 01 29436 /tmp/.X11-unix/X0
ffff8d758d67d000: 00000003 00000000 00000000 0001 03 27752 /run/dbus/system_bus_socket
ffff8d7696248800: 00000003 00000000 00000000 0001 03 19630 /run/dbus/system_bus_socket
ffff8d768951e000: 00000003 00000000 00000000 0002 03 16292
ffff8d76a5df4000: 00000003 00000000 00000000 0001 03 34094
ffff8d758462dc00: 00000003 00000000 00000000 0001 03 31906
ffff8d75d7a94400: 00000003 00000000 00000000 0001 03 30529
ffff8d76a3237400: 00000002 00000000 00010000 0001 01 22905 /run/gdm3/dbus/dbus-2piJOJUp
ffff8d7696258800: 00000003 00000000 00000000 0001 03 21695 /run/systemd/journal/stdout
ffff8d75bc36e800: 00000002 00000000 00010000 0001 01 29438 /tmp/.X11-unix/X1
ffff8d758468d000: 00000003 00000000 00000000 0001 03 28802 /run/systemd/journal/stdout
ffff8d758d67f400: 00000002 00000000 00010000 0001 01 27908 /run/user/1000/gnupg/S.dirmngr
ffff8d76a3235c00: 00000002 00000000 00010000 0001 01 22906 /run/gdm3/dbus/dbus-wbmj1BvW
ffff8d768c942400: 00000003 00000000 00000000 0001 03 19615 /run/dbus/system_bus_socket
ffff8d768cb40400: 00000003 00000000 00000000 0001 03 19082 /run/systemd/journal/stdout
ffff8d75c2b14c00: 00000003 00000000 00000000 0001 03 31037
ffff8d769bc06400: 00000003 00000000 00000000 0001 03 30355
ffff8d768cba3c00: 00000002 00000000 00010000 0001 01 27910 /run/user/1000/gcr/ssh
ffff8d7696258c00: 00000003 00000000 00000000 0001 03 21633
ffff8d7696248c00: 00000003 00000000 00000000 0001 03 19341 /run/systemd/journal/stdout
ffff8d768951e400: 00000003 00000000 00000000 0002 03 16295
ffff8d758462d800: 00000003 00000000 00000000 0001 03 31901
ffff8d75d7a94000: 00000003 00000000 00000000 0001 03 30551
ffff8d758d67d400: 00000003 00000000 00000000 0001 03 28800
ffff8d76a5df4400: 00000003 00000000 00000000 0001 03 24872
ffff8d768cba0800: 00000003 00000000 00000000 0001 03 17561
ffff8d75813dfc00: 00000003 00000000 00000000 0001 03 31288 /run/user/1000/at-spi/bus
ffff8d75e001a000: 00000003 00000000 00000000 0001 03 30851
ffff8d75d21f8c00: 00000003 00000000 00000000 0001 03 30358
ffff8d75bc36c800: 00000002 00000000 00000000 0002 01 29326
ffff8d7584703000: 00000002 00000000 00010000 0001 01 27912 /run/user/1000/keyring/control
ffff8d76a83dd400: 00000003 00000000 00000000 0001 03 41377 /run/user/1000/bus
ffff8d7584703400: 00000002 00000000 00010000 0001 01 27914 /run/user/1000/gnupg/S.gpg-agent.browser
ffff8d75c2890800: 00000003 00000000 00000000 0001 03 30790
ffff8d75c2880800: 00000003 00000000 00000000 0001 03 29741 /run/systemd/journal/stdout
ffff8d75c2b13000: 00000003 00000000 00000000 0001 03 28471
ffff8d768cb41c00: 00000002 00000000 00010000 0001 01 27916 /run/user/1000/gnupg/S.gpg-agent.extra
ffff8d76aa50b800: 00000003 00000000 00000000 0001 03 35210
ffff8d75813efc00: 00000003 00000000 00000000 0001 03 30279 /run/user/1000/bus
ffff8d768d12dc00: 00000003 00000000 00000000 0001 03 28797 /run/systemd/journal/stdout
ffff8d768c29e400: 00000003 00000000 00000000 0002 03 11952
ffff8d75813df800: 00000003 00000000 00000000 0001 03 31293 /run/dbus/system_bus_socket
ffff8d75bc36cc00: 00000002 00000000 00000000 0002 03 29257
ffff8d76ac40a400: 00000002 00000000 00010000 0001 01 27918 /run/user/1000/gnupg/S.gpg-agent
ffff8d76a83dd000: 00000003 00000000 00000000 0001 03 42305 /run/user/1000/pipewire-0
ffff8d75e001a400: 00000003 00000000 00000000 0001 03 30958 /run/user/1000/pipewire-0
ffff8d75d21f8800: 00000003 00000000 00000000 0001 03 29979 /run/systemd/journal/stdout
ffff8d76ac40a800: 00000002 00000000 00010000 0001 01 27920 /run/user/1000/gnupg/S.keyboxd
ffff8d75c2890c00: 00000003 00000000 00000000 0001 03 30775
ffff8d75c2880c00: 00000003 00000000 00000000 0001 03 29903 /run/systemd/journal/stdout
ffff8d75c2b13400: 00000003 00000000 00000000 0001 03 28401
ffff8d768d12d800: 00000003 00000000 00000000 0001 03 19013
ffff8d76aa50bc00: 00000003 00000000 00000000 0001 03 35234
ffff8d75813ef800: 00000003 00000000 00000000 0001 03 34846 /run/snapd-snap.socket
ffff8d76ac408c00: 00000002 00000000 00010000 0001 01 27922 /run/user/1000/pulse/native
ffff8d76a83ddc00: 00000003 00000000 00000000 0001 03 42251
ffff8d75e001a800: 00000003 00000000 00000000 0001 03 30959
ffff8d75d21f8400: 00000003 00000000 00000000 0001 03 30021
ffff8d75bc36c000: 00000002 00000000 00000000 0002 01 29258
ffff8d76ac40b800: 00000002 00000000 00010000 0001 01 27924 /run/user/1000/pipewire-0
ffff8d76894b8800: 00000003 00000000 00000000 0002 03 10939
ffff8d75813df400: 00000003 00000000 00000000 0001 03 31871
ffff8d76ac408000: 00000002 00000000 00010000 0001 01 27926 /run/user/1000/pipewire-0-manager
ffff8d75813ef400: 00000003 00000000 00000000 0001 03 30274
ffff8d75c2b13800: 00000003 00000000 00000000 0001 03 28433
ffff8d76aa50b000: 00000003 00000000 00000000 0001 03 28136 /run/dbus/system_bus_socket
ffff8d76ac40ac00: 00000002 00000000 00010000 0001 01 27928 /run/user/1000/pk-debconf-socket
ffff8d75c2890000: 00000003 00000000 00000000 0001 03 30284 /run/dbus/system_bus_socket
ffff8d75c2880000: 00000003 00000000 00000000 0001 03 28620
ffff8d76ac409800: 00000002 00000000 00010000 0001 01 27930 /run/user/1000/snapd-session-agent.socket
ffff8d768d12d400: 00000003 00000000 00000000 0001 03 19047 /run/systemd/journal/stdout
ffff8d768c29d800: 00000002 00000000 00010000 0001 01 12123 /run/systemd/io.systemd.sysext
ffff8d76a83dd800: 00000003 00000000 00000000 0001 03 31369
ffff8d75e001ac00: 00000003 00000000 00000000 0001 03 30957
ffff8d75d21f8000: 00000003 00000000 00000000 0001 03 29976
ffff8d76894b8c00: 00000003 00000000 00000000 0002 03 18382
ffff8d75813df000: 00000003 00000000 00000000 0001 03 31854
ffff8d76ac40a000: 00000003 00000000 00000000 0001 03 31226
ffff8d768d12e000: 00000002 00000000 00010000 0001 01 27932 /run/user/1000/speech-dispatcher/speechd.sock
ffff8d7696248000: 00000002 00000000 00010000 0001 01 27973 /run/user/1000/gnupg/S.gpg-agent.ssh
ffff8d768d12d000: 00000003 00000000 00000000 0001 03 19079
ffff8d75813ef000: 00000003 00000000 00000000 0001 03 30275 /run/user/1000/bus
ffff8d75c2890400: 00000003 00000000 00000000 0001 03 30272 /run/dbus/system_bus_socket
ffff8d75c2880400: 00000003 00000000 00000000 0001 03 28617
ffff8d75c2b13c00: 00000003 00000000 00000000 0001 03 28472 /run/user/1000/bus
ffff8d75bc36c400: 00000003 00000000 00000000 0001 03 29301
ffff8d76aa50b400: 00000003 00000000 00000000 0001 03 29021
ffff8d768c29e800: 00000002 00000000 00000000 0002 03 11947
ffff8d75813dec00: 00000003 00000000 00000000 0001 03 34090 /run/user/1000/bus
ffff8d76ac40bc00: 00000003 00000000 00000000 0001 03 31227 /run/user/1000/bus
ffff8d75e001b000: 00000002 00000000 00000000 0001 03 30853
ffff8d75d21f9c00: 00000003 00000000 00000000 0001 03 29988
ffff8d76a83dc400: 00000003 00000000 00000000 0001 03 31349 /run/user/1000/at-spi/bus
ffff8d768c29f400: 00000003 00000000 00000000 0001 03 17671 /run/systemd/journal/stdout
ffff8d75813eec00: 00000003 00000000 00000000 0001 03 34956
ffff8d75c2891800: 00000003 00000000 00000000 0001 03 30787
ffff8d75c2b12000: 00000003 00000000 00000000 0001 03 28473
ffff8d76aa50a800: 00000003 00000000 00000000 0001 03 35087
ffff8d75c2881800: 00000003 00000000 00000000 0001 03 30351
ffff8d75bc36d800: 00000003 00000000 00000000 0001 03 29452
ffff8d768d12cc00: 00000003 00000000 00000000 0001 03 19014 /run/systemd/journal/stdout
ffff8d76a83dc000: 00000003 00000000 00000000 0001 03 42217
ffff8d75813de800: 00000003 00000000 00000000 0001 03 35047
ffff8d75d21f9800: 00000003 00000000 00000000 0001 03 29978 /run/systemd/journal/stdout
ffff8d768d12c800: 00000002 00000000 00000000 0002 03 19276
ffff8d768c29f000: 00000003 00000000 00000000 0001 03 17719 /run/systemd/journal/stdout
ffff8d75813ee800: 00000003 00000000 00000000 0001 03 34955
ffff8d75c2881c00: 00000003 00000000 00000000 0001 03 30832 /run/systemd/journal/stdout
ffff8d75c2b12400: 00000003 00000000 00000000 0001 03 28434
ffff8d76aa50ac00: 00000003 00000000 00000000 0001 03 35209
ffff8d75c2891c00: 00000003 00000000 00000000 0001 03 30315 /run/user/1000/bus
ffff8d7696249400: 00000002 00000000 00010000 0001 01 19695 /run/cups/cups.sock
ffff8d76a83dcc00: 00000003 00000000 00000000 0001 03 31372
ffff8d75e001b800: 00000003 00000000 00000000 0001 03 30948
ffff8d768c29fc00: 00000003 00000000 00000000 0001 03 18484
ffff8d75813de400: 00000003 00000000 00000000 0001 03 31872
ffff8d75d21f9400: 00000003 00000000 00000000 0001 03 31013 /run/user/1000/wayland-0
ffff8d75c2891000: 00000003 00000000 00000000 0001 03 30804
ffff8d75c2881000: 00000003 00000000 00000000 0001 03 28626 /run/user/1000/bus
ffff8d75bc36d000: 00000003 00000000 00000000 0001 03 28480 /run/user/1000/bus
ffff8d75afbbf400: 00000002 00000000 00010000 0001 01 28080 /run/user/1000/keyring/pkcs11
ffff8d768d12c400: 00000003 00000000 00000000 0001 03 19048
ffff8d75c2b12800: 00000003 00000000 00000000 0001 03 29316 /run/user/1000/bus
ffff8d75813ee400: 00000003 00000000 00000000 0001 03 28745 /run/systemd/journal/stdout
ffff8d75e001bc00: 00000003 00000000 00000000 0001 03 30852
ffff8d75813de000: 00000003 00000000 00000000 0001 03 24405 /run/dbus/system_bus_socket
ffff8d76aa50a400: 00000002 00000000 00000000 0002 03 23874
ffff8d76a83dc800: 00000003 00000000 00000000 0001 03 31358 /run/dbus/system_bus_socket
ffff8d75d21f9000: 00000003 00000000 00000000 0001 03 28642 /run/user/1000/bus
ffff8d75813ee000: 00000003 00000000 00000000 0001 03 30278
ffff8d75c2891400: 00000003 00000000 00000000 0001 03 30772
ffff8d75c2881400: 00000003 00000000 00000000 0001 03 29865 /run/systemd/journal/stdout
ffff8d75bc36d400: 00000003 00000000 00000000 0001 03 29306 /run/systemd/journal/stdout
ffff8d768d12c000: 00000003 00000000 00000000 0001 03 19045
ffff8d75c2b12c00: 00000003 00000000 00000000 0001 03 28438 /run/user/1000/bus
ffff8d768c29f800: 00000002 00000000 00000000 0002 01 18509
ffff8d75e0018000: 00000003 00000000 00000000 0001 03 30951
ffff8d75d21fac00: 00000003 00000000 00000000 0001 03 29977
ffff8d76aa509800: 00000002 00000000 00000000 0002 03 23872
ffff8d76a83df400: 00000003 00000000 00000000 0001 03 31370 /run/user/1000/pipewire-0
ffff8d75813ddc00: 00000003 00000000 00000000 0001 03 31856
ffff8d75813edc00: 00000003 00000000 00000000 0001 03 30270
ffff8d75c2892800: 00000003 00000000 00000000 0001 03 31016 /run/user/1000/wayland-0
ffff8d75c2882800: 00000003 00000000 00000000 0001 03 28624
ffff8d75c2b11000: 00000003 00000000 00000000 0001 03 28474 /run/user/1000/at-spi/bus
ffff8d768d12fc00: 00000003 00000000 00000000 0001 03 19586 /run/dbus/system_bus_socket
ffff8d768c29c400: 00000002 00000000 00000000 0002 03 11394
ffff8d75e0018400: 00000003 00000000 00000000 0001 03 30857
ffff8d75d21fa800: 00000003 00000000 00000000 0001 03 30025
ffff8d768c29c000: 00000003 00000000 00000000 0001 03 18508
ffff8d76a83df000: 00000003 00000000 00000000 0001 03 41381 /run/user/1000/gvfsd/socket-kSnsTxUa
ffff8d75813dd800: 00000003 00000000 00000000 0001 03 31851
ffff8d76ac408800: 00000003 00000000 00000000 0001 03 31229
ffff8d75c2b11400: 00000003 00000000 00000000 0001 03 28403
ffff8d75813ed800: 00000003 00000000 00000000 0001 03 34013 /run/user/1000/snap.firefox/wayland-proxy-4347
ffff8d75c2892c00: 00000003 00000000 00000000 0001 03 30789 /run/systemd/journal/stdout
ffff8d75c2882c00: 00000003 00000000 00000000 0001 03 28577
ffff8d75bc36ec00: 00000003 00000000 00000000 0001 03 29450
ffff8d76894ba400: 00000003 00000000 00000000 0001 03 19333
ffff8d768d12f800: 00000003 00000000 00000000 0001 03 18932 /run/systemd/journal/stdout
ffff8d75813dd400: 00000003 00000000 00000000 0001 03 31291 @/tmp/.ICE-unix/2947
ffff8d76ac408400: 00000003 00000000 00000000 0001 03 31232 /run/user/1000/at-spi/bus
ffff8d75813ed400: 00000002 00000000 00000000 0002 01 34947
ffff8d76a83dfc00: 00000003 00000000 00000000 0001 03 31373 /run/user/1000/bus
ffff8d75e0018800: 00000003 00000000 00000000 0001 03 30837 /run/user/1000/bus
ffff8d75d21fa400: 00000003 00000000 00000000 0001 03 30026 /run/dbus/system_bus_socket
ffff8d75c2b11800: 00000003 00000000 00000000 0001 03 28437
ffff8d76aa509400: 00000003 00000000 00000000 0005 03 35205
ffff8d75c2892000: 00000003 00000000 00000000 0001 03 30805 /run/systemd/journal/stdout
ffff8d75c2882000: 00000003 00000000 00000000 0001 03 28613
ffff8d768d12f400: 00000003 00000000 00000000 0001 03 19472 /run/dbus/system_bus_socket
ffff8d75d21fa000: 00000003 00000000 00000000 0001 03 30010
ffff8d76894bac00: 00000003 00000000 00000000 0002 03 10938
ffff8d76a83df800: 00000003 00000000 00000000 0001 03 42252 /run/user/1000/bus
ffff8d75e0018c00: 00000003 00000000 00000000 0001 03 30950 /run/systemd/journal/stdout
ffff8d75813dd000: 00000003 00000000 00000000 0001 03 25071
ffff8d768d12f000: 00000002 00000000 00000000 0002 03 18940
ffff8d75c2892400: 00000003 00000000 00000000 0001 03 30773
ffff8d75c2882400: 00000003 00000000 00000000 0001 03 39795
ffff8d75813ed000: 00000003 00000000 00000000 0001 03 30271 /home/administrator/.cache/ibus/dbus-cvAmAY82
ffff8d75bc36e400: 00000003 00000000 00000000 0001 03 29461
ffff8d75c2b11c00: 00000003 00000000 00000000 0001 03 29325 /run/dbus/system_bus_socket
ffff8d768c29c800: 00000002 00000000 00000000 0002 03 16340
ffff8d76a83de400: 00000003 00000000 00000000 0001 03 42254
ffff8d75813dcc00: 00000003 00000000 00000000 0001 03 31282 /run/user/1000/bus
ffff8d76ac409c00: 00000003 00000000 00000000 0001 03 31230 /run/user/1000/bus
ffff8d75e0019000: 00000003 00000000 00000000 0001 03 30848 /run/systemd/journal/stdout
ffff8d75d21fbc00: 00000003 00000000 00000000 0001 03 30011 /run/systemd/journal/stdout
ffff8d75813ecc00: 00000003 00000000 00000000 0001 03 34845
ffff8d75c2b10000: 00000003 00000000 00000000 0001 03 30808
ffff8d75bc36f800: 00000003 00000000 00000000 0001 03 28481 /run/user/1000/at-spi/bus
ffff8d76aa508800: 00000003 00000000 00000000 0001 03 41471
ffff8d75c2883800: 00000003 00000000 00000000 0001 03 39796
ffff8d76aa508c00: 00000003 00000000 00000000 0005 03 35206
ffff8d75c2893800: 00000003 00000000 00000000 0001 03 30276 /home/administrator/.cache/ibus/dbus-cvAmAY82
ffff8d768c29d400: 00000003 00000000 00000000 0002 03 11951
ffff8d76a83de000: 00000003 00000000 00000000 0001 03 42222
ffff8d75813dc800: 00000003 00000000 00000000 0001 03 34065 /run/systemd/journal/stdout
ffff8d75bc36dc00: 00000002 00000000 00010000 0001 01 29269 /run/user/1000/keyring/ssh
ffff8d75e0019400: 00000003 00000000 00000000 0001 03 30359 /home/administrator/.cache/ibus/dbus-cvAmAY82
ffff8d75d21fb800: 00000003 00000000 00000000 0001 03 30356 /run/user/1000/bus
ffff8d768c29d000: 00000003 00000000 00000000 0001 03 12560 /run/systemd/journal/stdout
ffff8d75c2893c00: 00000003 00000000 00000000 0001 03 30742
ffff8d75c2883c00: 00000003 00000000 00000000 0001 03 29854 /run/systemd/journal/stdout
ffff8d75813ec800: 00000003 00000000 00000000 0001 03 28025
ffff8d768d12e800: 00000003 00000000 00000000 0001 03 18931
ffff8d75c2b10400: 00000003 00000000 00000000 0001 03 29307 /run/systemd/journal/stdout
ffff8d75d21fb400: 00000003 00000000 00000000 0001 03 30608
ffff8d76ac409400: 00000003 00000000 00000000 0001 03 24188 /run/dbus/system_bus_socket
ffff8d768c29dc00: 00000003 00000000 00000000 0001 03 11385
ffff8d75e0019800: 00000003 00000000 00000000 0001 03 30952 /run/user/1000/bus
ffff8d76aa508000: 00000003 00000000 00000000 0001 03 41472 /run/user/1000/pipewire-0
ffff8d75813dc400: 00000002 00000000 00000000 0002 01 31857
ffff8d75c2b10800: 00000003 00000000 00000000 0001 03 28441
ffff8d76894bb800: 00000003 00000000 00000000 0001 03 19334 /run/systemd/journal/stdout
ffff8d75c2893000: 00000003 00000000 00000000 0001 03 30094 /run/dbus/system_bus_socket
ffff8d75c2883000: 00000003 00000000 00000000 0001 03 28616
ffff8d768d12e400: 00000003 00000000 00000000 0001 03 18357 /run/dbus/system_bus_socket
ffff8d76a83de800: 00000003 00000000 00000000 0001 03 31357
ffff8d75e0019c00: 00000003 00000000 00000000 0001 03 30847
ffff8d75c2b10c00: 00000002 00000000 00010000 0001 01 28428 /run/user/1000/at-spi/bus
ffff8d75813dc000: 00000003 00000000 00000000 0001 03 35048
ffff8d76ac409000: 00000003 00000000 00000000 0001 03 31231
ffff8d75d21fb000: 00000003 00000000 00000000 0001 03 30610 /run/systemd/journal/stdout
ffff8d75c2893400: 00000003 00000000 00000000 0001 03 30766
ffff8d75c2883400: 00000003 00000000 00000000 0001 03 29878 /run/user/1000/bus
ffff8d76aa508400: 00000003 00000000 00000000 0001 03 35086
ffff8d76ac6c4000: 00000003 00000000 00000000 0001 03 31841 /home/administrator/.cache/ibus/dbus-cvAmAY82
ffff8d75d21e4c00: 00000003 00000000 00000000 0001 03 29947 /run/user/1000/bus
ffff8d7599948c00: 00000003 00000000 00000000 0001 03 28208
ffff8d75d7a7f000: 00000003 00000000 00000000 0001 03 30505
ffff8d75d7a6f000: 00000003 00000000 00000000 0001 03 30830 /run/systemd/journal/stdout
ffff8d7599796000: 00000003 00000000 00000000 0001 03 29007
ffff8d7686848000: 00000003 00000000 00000000 0001 03 41418
ffff8d75e1c7a400: 00000003 00000000 00000000 0001 03 35534
ffff8d76aa507800: 00000003 00000000 00000000 0001 03 31681
ffff8d75e0036000: 00000003 00000000 00000000 0001 03 31040 /run/user/1000/bus
ffff8d76ac6c4400: 00000003 00000000 00000000 0001 03 31330 @/tmp/.X11-unix/X1
ffff8d75d7a7f400: 00000003 00000000 00000000 0001 03 30981 /run/user/1000/bus
ffff8d75d7a6f400: 00000003 00000000 00000000 0001 03 30291
ffff8d75d21e4800: 00000003 00000000 00000000 0001 03 29957 /run/user/1000/bus
ffff8d75bc36f400: 00000002 00000000 00010000 0001 01 29439 /run/user/1000/wayland-0
ffff8d7599948800: 00000003 00000000 00000000 0001 03 28267
ffff8d75e1c7a000: 00000003 00000000 00000000 0001 03 31275 /run/user/1000/at-spi/bus
ffff8d76aa507c00: 00000003 00000000 00000000 0001 03 31661
ffff8d7686848400: 00000003 00000000 00000000 0001 03 31272
ffff8d75e0036400: 00000003 00000000 00000000 0001 03 30515 /run/snapd-snap.socket
ffff8d7599948400: 00000003 00000000 00000000 0001 03 29812
ffff8d7599796800: 00000003 00000000 00000000 0001 03 28952 /run/user/1000/bus
ffff8d75d7a7fc00: 00000003 00000000 00000000 0005 03 35527
ffff8d75d7a7f800: 00000003 00000000 00000000 0001 03 30398
ffff8d75d7a6f800: 00000003 00000000 00000000 0001 03 30297 /run/user/1000/bus
ffff8d75d21e4400: 00000003 00000000 00000000 0001 03 29934
ffff8d76ac6c4800: 00000003 00000000 00000000 0001 03 24173
ffff8d7686848800: 00000003 00000000 00000000 0001 03 42250 /run/systemd/journal/stdout
ffff8d75e0036800: 00000003 00000000 00000000 0001 03 31024
ffff8d76aa507000: 00000003 00000000 00000000 0001 03 31670
ffff8d75d7a6fc00: 00000003 00000000 00000000 0001 03 30327
ffff8d7599796c00: 00000003 00000000 00000000 0001 03 28123 /run/systemd/journal/stdout
ffff8d76ac6c4c00: 00000003 00000000 00000000 0001 03 31346
ffff8d75d21e4000: 00000003 00000000 00000000 0001 03 29948
ffff8d7599948000: 00000003 00000000 00000000 0001 03 28209 /run/systemd/journal/stdout
ffff8d7686848c00: 00000003 00000000 00000000 0001 03 41421 /run/user/1000/wayland-0
ffff8d75e0036c00: 00000003 00000000 00000000 0001 03 31029
ffff8d76aa507400: 00000003 00000000 00000000 0001 03 23545 /run/dbus/system_bus_socket
ffff8d75e1c7ac00: 00000003 00000000 00000000 0005 03 35556
ffff8d75e1c7a800: 00000003 00000000 00000000 0001 03 35535
ffff8d75d7a6e000: 00000003 00000000 00000000 0001 03 30335
ffff8d7599797000: 00000003 00000000 00000000 0001 03 29553 /run/systemd/journal/stdout
ffff8d76ac6c5000: 00000003 00000000 00000000 0001 03 31328
ffff8d75d21e5c00: 00000003 00000000 00000000 0001 03 29962
ffff8d7599949c00: 00000003 00000000 00000000 0001 03 28268 /run/user/1000/bus
ffff8d7686849000: 00000003 00000000 00000000 0001 03 41453 /run/user/1000/pulse/native
ffff8d76aa506800: 00000003 00000000 00000000 0001 03 33661 /run/user/1000/bus
ffff8d75e0037000: 00000003 00000000 00000000 0001 03 31036
ffff8d75d2201c00: 00000002 00000000 00010000 0001 01 30196 /home/administrator/.cache/ibus/dbus-cvAmAY82
ffff8d75e1c7b400: 00000003 00000000 00000000 0001 03 31136
ffff8d76ac6c5400: 00000003 00000000 00000000 0001 03 31334 /run/user/1000/wayland-0
ffff8d75d7a7e400: 00000003 00000000 00000000 0001 03 30850 /run/dbus/system_bus_socket
ffff8d75d7a6e400: 00000003 00000000 00000000 0001 03 30294
ffff8d75d21e5800: 00000003 00000000 00000000 0001 03 29949 /run/user/1000/bus
ffff8d75d7a7e000: 00000003 00000000 00000000 0005 03 35528
ffff8d7599949800: 00000003 00000000 00000000 0001 03 29920 /run/systemd/journal/stdout
ffff8d7599797400: 00000003 00000000 00000000 0001 03 29053
ffff8d76aa506c00: 00000003 00000000 00000000 0001 03 33667 /run/dbus/system_bus_socket
ffff8d7686849400: 00000003 00000000 00000000 0001 03 31273 /run/user/1000/bus
ffff8d75e1c7b000: 00000003 00000000 00000000 0001 03 30589 /run/dbus/system_bus_socket
ffff8d75e0037400: 00000003 00000000 00000000 0001 03 31022
ffff8d75d21e5400: 00000003 00000000 00000000 0001 03 29935 /run/user/1000/bus
ffff8d7599949400: 00000003 00000000 00000000 0001 03 28133
ffff8d76ac6c5800: 00000003 00000000 00000000 0001 03 31348
ffff8d75d7a7e800: 00000003 00000000 00000000 0001 03 30510
ffff8d75d7a6e800: 00000003 00000000 00000000 0001 03 31017 /run/user/1000/wayland-0
ffff8d76aa506000: 00000003 00000000 00000000 0001 03 41300 /run/user/1000/bus
ffff8d7686849800: 00000003 00000000 00000000 0001 03 31269 /run/dbus/system_bus_socket
ffff8d75e0037800: 00000003 00000000 00000000 0001 03 31035
ffff8d7599797800: 00000002 00000000 00000000 0002 01 28959
ffff8d75e1c7bc00: 00000003 00000000 00000000 0001 03 31214
ffff8d75d21e5000: 00000003 00000000 00000000 0001 03 28634 /run/cups/cups.sock
ffff8d7599949000: 00000003 00000000 00000000 0001 03 42257 /run/user/1000/at-spi/bus
ffff8d75d7a7ec00: 00000003 00000000 00000000 0001 03 35520
ffff8d75d7a6ec00: 00000003 00000000 00000000 0001 03 30306 /run/user/1000/bus
ffff8d7599797c00: 00000003 00000000 00000000 0001 03 28511
ffff8d76aa506400: 00000003 00000000 00000000 0001 03 31680 /run/user/1000/bus
ffff8d7686849c00: 00000003 00000000 00000000 0001 03 41452
ffff8d75e1c7b800: 00000003 00000000 00000000 0001 03 31111
ffff8d759994ac00: 00000003 00000000 00000000 0001 03 29922
ffff8d7599794000: 00000003 00000000 00000000 0001 03 28122 /run/systemd/journal/stdout
ffff8d75d7a7d000: 00000003 00000000 00000000 0001 03 35519
ffff8d76ac6c6000: 00000003 00000000 00000000 0001 03 31326
ffff8d75d7a6d000: 00000003 00000000 00000000 0001 03 30336 /run/user/1000/bus
ffff8d75d21e6c00: 00000003 00000000 00000000 0001 03 29956
ffff8d768684a000: 00000003 00000000 00000000 0001 03 42218 /run/user/1000/gvfsd/socket-r8klXUTN
ffff8d75e0034000: 00000003 00000000 00000000 0001 03 34999
ffff8d76aa505800: 00000003 00000000 00000000 0001 03 31679
ffff8d75e1c78400: 00000003 00000000 00000000 0001 03 31187
ffff8d75d7a7d400: 00000003 00000000 00000000 0001 03 30982 /run/systemd/journal/stdout
ffff8d75d7a6d400: 00000003 00000000 00000000 0001 03 30293
ffff8d76ac6c6400: 00000003 00000000 00000000 0001 03 31278
ffff8d75d21e6800: 00000003 00000000 00000000 0001 03 29936
ffff8d759994a800: 00000003 00000000 00000000 0001 03 28135 /run/systemd/journal/stdout
ffff8d76aa505c00: 00000003 00000000 00000000 0001 03 42189
ffff8d75e1c78000: 00000003 00000000 00000000 0001 03 35536
ffff8d768684a400: 00000003 00000000 00000000 0001 03 31274
ffff8d75e0034400: 00000003 00000000 00000000 0001 03 30514 /run/snapd-snap.socket
ffff8d76ac6c6800: 00000003 00000000 00000000 0001 03 31277 /run/user/1000/bus
ffff8d75d7a7d800: 00000003 00000000 00000000 0001 03 30400 /home/administrator/.cache/ibus/dbus-cvAmAY82
ffff8d75d7a6d800: 00000003 00000000 00000000 0001 03 30305
ffff8d759994a400: 00000003 00000000 00000000 0001 03 28148
ffff8d75d21e6400: 00000003 00000000 00000000 0001 03 29937
ffff8d7599794800: 00000003 00000000 00000000 0001 03 28992
ffff8d75e0034800: 00000003 00000000 00000000 0001 03 39807
ffff8d75e1c78c00: 00000003 00000000 00000000 0001 03 31112 /run/user/1000/pipewire-0
ffff8d76aa505000: 00000003 00000000 00000000 0001 03 42188
ffff8d75e1c78800: 00000003 00000000 00000000 0005 03 35557
ffff8d768684a800: 00000003 00000000 00000000 0001 03 31268
ffff8d768c29cc00: 00000002 00000000 00010000 0001 01 18470 /run/systemd/resolve/io.systemd.Resolve
ffff8d75d7a7dc00: 00000003 00000000 00000000 0001 03 42203 /run/user/1000/at-spi/bus
ffff8d76ac6c6c00: 00000003 00000000 00000000 0001 03 24853 /run/systemd/journal/stdout
ffff8d768c29e000: 00000002 00000000 00010000 0001 01 18471 /run/systemd/resolve/io.systemd.Resolve.Monitor
ffff8d75d7a6dc00: 00000003 00000000 00000000 0001 03 31018 /run/user/1000/wayland-0
ffff8d759994a000: 00000003 00000000 00000000 0001 03 31010 /run/user/1000/wayland-0
ffff8d75d21e6000: 00000003 00000000 00000000 0001 03 29970
ffff8d7599794c00: 00000003 00000000 00000000 0001 03 28990
ffff8d768684ac00: 00000003 00000000 00000000 0001 03 41420
ffff8d75e0034c00: 00000003 00000000 00000000 0001 03 31030 /run/user/1000/gvfsd/socket-Bhs29TVA
ffff8d76aa505400: 00000003 00000000 00000000 0001 03 23538
ffff8d76ac6c7000: 00000003 00000000 00000000 0001 03 31905 /run/systemd/journal/stdout
ffff8d75d21e7c00: 00000003 00000000 00000000 0001 03 29924 /run/systemd/journal/stdout
ffff8d7599795000: 00000003 00000000 00000000 0001 03 29010 /run/user/1000/bus
ffff8d768684b000: 00000003 00000000 00000000 0002 03 23299
ffff8d75d7a7c000: 00000003 00000000 00000000 0001 03 30399
ffff8d75d7a6c000: 00000003 00000000 00000000 0001 03 31849 @/tmp/.X11-unix/X0
ffff8d759994bc00: 00000003 00000000 00000000 0001 03 28290 /run/user/1000/bus
ffff8d75e0035000: 00000003 00000000 00000000 0001 03 39808
ffff8d75e1c79400: 00000003 00000000 00000000 0001 03 31193 @/tmp/.X11-unix/X1
ffff8d76aa504800: 00000003 00000000 00000000 0001 03 31662
ffff8d75d21e7800: 00000003 00000000 00000000 0001 03 29939 /run/user/1000/bus
ffff8d759994b800: 00000003 00000000 00000000 0001 03 28149
ffff8d768684b400: 00000003 00000000 00000000 0002 03 23300
ffff8d76ac6c7400: 00000003 00000000 00000000 0001 03 31329
ffff8d75e0035400: 00000002 00000000 00000000 0002 01 31023
ffff8d75e0037c00: 00000002 00000000 00010000 0001 01 31020 /run/user/1000/gvfsd/socket-b27yT7IZ
ffff8d75d7a7c400: 00000003 00000000 00000000 0001 03 30506
ffff8d75d7a6c400: 00000003 00000000 00000000 0001 03 30292 /run/user/1000/bus
ffff8d7599795400: 00000003 00000000 00000000 0001 03 28949
ffff8d75e1c79000: 00000003 00000000 00000000 0001 03 30581 /home/administrator/.cache/ibus/dbus-cvAmAY82
ffff8d76894b9800: 00000004 00000000 00000000 0002 03 10937 /run/systemd/notify
ffff8d76aa504c00: 00000003 00000000 00000000 0001 03 42142
ffff8d76894b9c00: 00000002 00000000 00010000 0001 01 10940 /run/systemd/private
ffff8d76ac6c7800: 00000003 00000000 00000000 0001 03 31347 /run/user/1000/bus
ffff8d75d7a6c800: 00000003 00000000 00000000 0001 03 30308
ffff8d75d21e7400: 00000003 00000000 00000000 0001 03 29933 /run/dbus/system_bus_socket
ffff8d75d7a7c800: 00000003 00000000 00000000 0001 03 41312
ffff8d759994b400: 00000003 00000000 00000000 0001 03 29554 /run/systemd/journal/stdout
ffff8d7599795800: 00000003 00000000 00000000 0001 03 28991
ffff8d76894b9000: 00000002 00000000 00010000 0001 01 10942 /run/systemd/userdb/io.systemd.DynamicUser
ffff8d76894ba000: 00000002 00000000 00010000 0001 01 10943 /run/systemd/io.systemd.ManagedOOM
ffff8d768684b800: 00000003 00000000 00000000 0001 03 41454
ffff8d76aa504000: 00000003 00000000 00000000 0001 03 42143
ffff8d75e0035800: 00000003 00000000 00000000 0001 03 34957 /run/user/1000/bus
ffff8d75e1c79c00: 00000003 00000000 00000000 0001 03 31130
ffff8d75d7a7cc00: 00000003 00000000 00000000 0001 03 30911 /run/user/1000/bus
ffff8d75d7a6cc00: 00000003 00000000 00000000 0001 03 30304
ffff8d759994b000: 00000003 00000000 00000000 0001 03 28289
ffff8d7599795c00: 00000003 00000000 00000000 0001 03 28124 /run/dbus/system_bus_socket
ffff8d75d21e7000: 00000003 00000000 00000000 0001 03 29932
ffff8d76ac6c7c00: 00000002 00000000 00000000 0002 01 24189
ffff8d76894bb400: 00000002 00000000 00000000 0002 01 10957 /run/systemd/journal/syslog
ffff8d768684bc00: 00000003 00000000 00000000 0001 03 41378
ffff8d75e0035c00: 00000003 00000000 00000000 0001 03 34038 /run/dbus/system_bus_socket
ffff8d76aa504400: 00000003 00000000 00000000 0001 03 31674
ffff8d75e1c79800: 00000003 00000000 00000000 0001 03 31276
ffff8d76894b8400: 00000002 00000000 00010000 0001 01 10958 /run/systemd/fsck.progress
ffff8d75d21e0c00: 00000003 00000000 00000000 0001 03 29857 /run/systemd/journal/stdout
ffff8d759994cc00: 00000003 00000000 00000000 0001 03 28856
ffff8d75afbbd400: 00000003 00000000 00000000 0001 03 28845 /run/user/1000/bus
ffff8d75e0042400: 00000003 00000000 00000000 0001 03 31046
ffff8d75d7a6b000: 00000003 00000000 00000000 0001 03 30765 /run/systemd/journal/stdout
ffff8d75bc384400: 00000003 00000000 00000000 0001 03 29556
ffff8d76a3234000: 00000003 00000000 00000000 0001 03 21923
ffff8d76894b9400: 00000011 00000000 00000000 0002 03 10960 /run/systemd/journal/dev-log
ffff8d76a5ee8800: 00000003 00000000 00000000 0001 03 31233
ffff8d75813e7c00: 00000003 00000000 00000000 0001 03 31761
ffff8d75d21d0c00: 00000003 00000000 00000000 0001 03 29705
ffff8d76894bb000: 00000009 00000000 00000000 0002 03 10962 /run/systemd/journal/socket
ffff8d75813ec400: 00000002 00000000 00010000 0001 01 33656 /run/user/1000/gvfsd/socket-EIu07gcb
ffff8d75e0032000: 00000003 00000000 00000000 0001 03 30963 /run/user/1000/pipewire-0
ffff8d75d2203000: 00000003 00000000 00000000 0001 03 30836
ffff8d75c2888800: 00000003 00000000 00000000 0001 03 30728
ffff8d75997a2000: 00000003 00000000 00000000 0001 03 29223 /run/user/1000/bus
ffff8d76a3244400: 00000003 00000000 00000000 0001 03 21238 /run/dbus/system_bus_socket
ffff8d7695461000: 00000003 00000000 00000000 0001 03 19067 /run/systemd/journal/stdout
ffff8d76894bbc00: 00000002 00000000 00010000 0001 01 10964 /run/systemd/journal/stdout
ffff8d75d7a6b400: 00000003 00000000 00000000 0001 03 30226
ffff8d75bc384000: 00000003 00000000 00000000 0001 03 28644 /run/user/1000/bus
ffff8d75afbbd000: 00000003 00000000 00000000 0001 03 28855 /run/dbus/system_bus_socket
ffff8d759994c800: 00000003 00000000 00000000 0001 03 28898 /run/user/1000/bus
ffff8d76a3234400: 00000003 00000000 00000000 0001 03 21792
ffff8d76894ba800: 00000002 00000000 00010000 0001 01 10966 /run/systemd/oom/io.systemd.ManagedOOM
ffff8d75e0042000: 00000002 00000000 00000000 0002 01 42190
ffff8d76a3244000: 00000003 00000000 00000000 0001 03 34453
ffff8d75813e7800: 00000003 00000000 00000000 0001 03 31822
ffff8d75d2203400: 00000003 00000000 00000000 0001 03 30324 /run/dbus/system_bus_socket
ffff8d75d21e0800: 00000002 00000000 00000000 0002 01 29894
ffff8d76894b8000: 00000002 00000000 00010000 0005 01 10968 /run/udev/control
ffff8d76a5ee8c00: 00000003 00000000 00000000 0001 03 31237 /run/dbus/system_bus_socket
ffff8d75e0032400: 00000003 00000000 00000000 0001 03 30985 /run/user/1000/bus
ffff8d75c2888c00: 00000003 00000000 00000000 0001 03 28667
ffff8d75d21d0800: 00000003 00000000 00000000 0001 03 29642 /run/systemd/journal/stdout
ffff8d75997a2400: 00000003 00000000 00000000 0001 03 29219 /run/dbus/system_bus_socket
ffff8d7695461400: 00000003 00000000 00000000 0001 03 19632 /run/dbus/system_bus_socket
ffff8d75e0042c00: 00000003 00000000 00000000 0001 03 31050 /run/user/1000/at-spi/bus
ffff8d75bc384c00: 00000003 00000000 00000000 0001 03 28527 /run/user/1000/bus
ffff8d759994c400: 00000003 00000000 00000000 0001 03 28882
ffff8d7584703c00: 00000003 00000000 00000000 0001 03 39326
ffff8d75d7a6b800: 00000003 00000000 00000000 0001 03 30243 /run/user/1000/bus
ffff8d75d21e0400: 00000003 00000000 00000000 0001 03 29874
ffff8d75afbbdc00: 00000003 00000000 00000000 0001 03 28064
ffff8d76a3234800: 00000003 00000000 00000000 0001 03 22865
ffff8d75d2203800: 00000003 00000000 00000000 0001 03 41307 /run/dbus/system_bus_socket
ffff8d7695461800: 00000003 00000000 00000000 0001 03 35235
ffff8d75e0032800: 00000003 00000000 00000000 0001 03 34014
ffff8d76a5ee8000: 00000003 00000000 00000000 0001 03 31236
ffff8d75c2888000: 00000003 00000000 00000000 0001 03 31014 /run/user/1000/wayland-0
ffff8d75997a2800: 00000003 00000000 00000000 0001 03 29191
ffff8d75813ec000: 00000002 00000000 00010000 0001 01 34949 /run/user/1000/snap.firefox/wayland-proxy-4347
ffff8d75813e7400: 00000003 00000000 00000000 0001 03 31221 /run/user/1000/bus
ffff8d75d21d0400: 00000003 00000000 00000000 0001 03 30033 /run/user/1000/bus
ffff8d75e0042800: 00000003 00000000 00000000 0001 03 30527 /run/user/1000/at-spi/bus
ffff8d75d7a6bc00: 00000003 00000000 00000000 0001 03 30262
ffff8d75d2203c00: 00000002 00000000 00000000 0002 01 30212
ffff8d75afbbd800: 00000003 00000000 00000000 0001 03 28890 /run/user/1000/bus
ffff8d759994c000: 00000003 00000000 00000000 0001 03 28851
ffff8d768cba1400: 00000002 00000000 00010000 0001 01 18117 /run/avahi-daemon/socket
ffff8d7584703800: 00000003 00000000 00000000 0001 03 39327
ffff8d75d21e0000: 00000003 00000000 00000000 0001 03 29858
ffff8d75bc384800: 00000003 00000000 00000000 0001 03 29507
ffff8d76a3234c00: 00000003 00000000 00000000 0001 03 22672
ffff8d76a3244800: 00000003 00000000 00000000 0001 03 42381
ffff8d76a3244c00: 00000003 00000000 00000000 0005 03 34110
ffff8d75813e7000: 00000003 00000000 00000000 0001 03 31826
ffff8d75c2888400: 00000003 00000000 00000000 0001 03 28647 /run/user/1000/bus
ffff8d75997a2c00: 00000003 00000000 00000000 0001 03 29153
ffff8d7695461c00: 00000003 00000000 00000000 0001 03 19477
ffff8d76a5ee8400: 00000003 00000000 00000000 0001 03 34092 /run/user/1000/pulse/native
ffff8d75e0032c00: 00000003 00000000 00000000 0001 03 33854 /run/systemd/journal/stdout
ffff8d75d21d0000: 00000003 00000000 00000000 0001 03 29706 /run/systemd/journal/stdout
ffff8d768cba2800: 00000002 00000000 00010000 0001 01 18124 /run/dbus/system_bus_socket
ffff8d75bc385400: 00000003 00000000 00000000 0001 03 29557 @/tmp/.ICE-unix/2947
ffff8d759994dc00: 00000003 00000000 00000000 0001 03 28897
ffff8d76a3235000: 00000003 00000000 00000000 0001 03 21243 /run/dbus/system_bus_socket
ffff8d768cba3800: 00000002 00000000 00010000 0001 01 18128 /run/snapd.socket
ffff8d75e0043400: 00000003 00000000 00000000 0001 03 31039
ffff8d75d7a6a000: 00000003 00000000 00000000 0001 03 30764 /run/systemd/journal/stdout
ffff8d75d21e1c00: 00000003 00000000 00000000 0001 03 29902
ffff8d75afbbc400: 00000003 00000000 00000000 0001 03 28044
ffff8d768cba2400: 00000002 00000000 00010000 0001 01 18129 /run/snapd-snap.socket
ffff8d76a3245000: 00000003 00000000 00000000 0005 03 34441
ffff8d75d2202000: 00000003 00000000 00000000 0001 03 30199 /run/user/1000/bus
ffff8d76a3245400: 00000003 00000000 00000000 0001 03 21240
ffff8d76a5ee9800: 00000003 00000000 00000000 0001 03 31265 @/tmp/.X11-unix/X1
ffff8d75813e6c00: 00000003 00000000 00000000 0001 03 31152 /run/dbus/system_bus_socket
ffff8d75e0033000: 00000003 00000000 00000000 0001 03 31042 /run/user/1000/bus
ffff8d75c2889800: 00000003 00000000 00000000 0001 03 30721
ffff8d75d21d1c00: 00000003 00000000 00000000 0001 03 29916 /run/user/1000/bus
ffff8d75997a3000: 00000003 00000000 00000000 0001 03 28144 /run/systemd/journal/stdout
ffff8d7695460000: 00000003 00000000 00000000 0001 03 19321 /run/systemd/journal/stdout
ffff8d768cba3000: 00000002 00000000 00010000 0001 01 18135 /run/uuidd/request
ffff8d75e0043000: 00000003 00000000 00000000 0001 03 30534 /run/dbus/system_bus_socket
ffff8d75d7a6a400: 00000003 00000000 00000000 0001 03 30230
ffff8d75d21e1800: 00000003 00000000 00000000 0001 03 29859 /run/systemd/journal/stdout
ffff8d76a3235400: 00000003 00000000 00000000 0001 03 21793 /run/systemd/journal/stdout
ffff8d7584702400: 00000003 00000000 00000000 0005 03 39791
ffff8d7584702000: 00000003 00000000 00000000 0001 03 39363
ffff8d75bc385000: 00000003 00000000 00000000 0001 03 29546
ffff8d759994d800: 00000003 00000000 00000000 0001 03 28853 /run/dbus/system_bus_socket
ffff8d75afbbc000: 00000003 00000000 00000000 0001 03 28060
ffff8d75e0033400: 00000003 00000000 00000000 0001 03 35035
ffff8d75813e6800: 00000003 00000000 00000000 0001 03 31809
ffff8d75c2889c00: 00000003 00000000 00000000 0001 03 30084 /run/dbus/system_bus_socket
ffff8d75d21d1800: 00000003 00000000 00000000 0001 03 29691
ffff8d75997a3400: 00000003 00000000 00000000 0001 03 29085
ffff8d76a5ee9c00: 00000003 00000000 00000000 0001 03 28803
ffff8d7695460400: 00000003 00000000 00000000 0001 03 19374
ffff8d768951d400: 00000002 00000000 00010000 0001 01  9808 /run/systemd/journal/io.systemd.journal
ffff8d75bc385c00: 00000003 00000000 00000000 0001 03 29508 /run/user/1000/bus
ffff8d76a3235800: 00000003 00000000 00000000 0001 03 21174 /run/dbus/system_bus_socket
ffff8d7584702800: 00000003 00000000 00000000 0005 03 39792
ffff8d75e0043c00: 00000003 00000000 00000000 0001 03 31053
ffff8d75d7a6a800: 00000003 00000000 00000000 0001 03 30229 /run/systemd/journal/stdout
ffff8d75d21e1400: 00000003 00000000 00000000 0001 03 29820
ffff8d759994d400: 00000003 00000000 00000000 0001 03 28883 /run/user/1000/bus
ffff8d75afbbcc00: 00000003 00000000 00000000 0001 03 28059
ffff8d75813e6400: 00000003 00000000 00000000 0001 03 41808
ffff8d76a3245800: 00000003 00000000 00000000 0005 03 34451
ffff8d75e0033800: 00000003 00000000 00000000 0001 03 30984
ffff8d75997a3800: 00000003 00000000 00000000 0001 03 29218
ffff8d7695460800: 00000003 00000000 00000000 0001 03 23358
ffff8d75d2202800: 00000003 00000000 00000000 0001 03 30119
ffff8d75c2889000: 00000003 00000000 00000000 0001 03 30733
ffff8d75d21d1400: 00000003 00000000 00000000 0001 03 29749 /run/systemd/journal/stdout
ffff8d76a5ee9000: 00000003 00000000 00000000 0001 03 24298 /run/systemd/journal/stdout
ffff8d75e0043800: 00000003 00000000 00000000 0001 03 30528 /run/user/1000/at-spi/bus
ffff8d75d21e1000: 00000003 00000000 00000000 0001 03 29904 /run/systemd/journal/stdout
ffff8d75afbbc800: 00000003 00000000 00000000 0001 03 28848 /run/user/1000/bus
ffff8d7584702c00: 00000003 00000000 00000000 0005 03 39354
ffff8d75d7a6ac00: 00000003 00000000 00000000 0001 03 30246 /run/systemd/journal/stdout
ffff8d75bc385800: 00000003 00000000 00000000 0001 03 28639
ffff8d759994d000: 00000003 00000000 00000000 0001 03 28937 /run/user/1000/pipewire-0
ffff8d76a3245c00: 00000003 00000000 00000000 0005 03 34111
ffff8d75813e6000: 00000003 00000000 00000000 0001 03 31827
ffff8d75e0033c00: 00000003 00000000 00000000 0001 03 31038
ffff8d75d21d1000: 00000003 00000000 00000000 0001 03 29918
ffff8d75997a3c00: 00000003 00000000 00000000 0001 03 29082
ffff8d76a5ee9400: 00000003 00000000 00000000 0001 03 31234 /run/user/1000/bus
ffff8d75d2202c00: 00000003 00000000 00000000 0001 03 30193
ffff8d75c2889400: 00000003 00000000 00000000 0001 03 28645
ffff8d7695460c00: 00000003 00000000 00000000 0001 03 23366 /run/systemd/journal/stdout
ffff8d76a3236000: 00000003 00000000 00000000 0001 03 31279 @/tmp/.X11-unix/X1
ffff8d75e0040400: 00000003 00000000 00000000 0001 03 31044 /run/user/1000/bus
ffff8d75d7a69000: 00000003 00000000 00000000 0001 03 30261
ffff8d759994ec00: 00000003 00000000 00000000 0001 03 28936
ffff8d7584701400: 00000003 00000000 00000000 0001 03 41295
ffff8d75bc386400: 00000003 00000000 00000000 0001 03 28638
ffff8d75813e5c00: 00000003 00000000 00000000 0001 03 41807
ffff8d76a5eea800: 00000003 00000000 00000000 0001 03 35533
ffff8d76a3246000: 00000003 00000000 00000000 0005 03 34440
ffff8d75e0030000: 00000003 00000000 00000000 0001 03 30991
ffff8d75c288a800: 00000003 00000000 00000000 0001 03 30018 /run/dbus/system_bus_socket
ffff8d75d21e2c00: 00000002 00000000 00000000 0002 03 29893
ffff8d75d21d2c00: 00000003 00000000 00000000 0001 03 29641
ffff8d7695463000: 00000003 00000000 00000000 0001 03 19498
ffff8d75d2201000: 00000003 00000000 00000000 0001 03 30198
ffff8d75997a0000: 00000003 00000000 00000000 0001 03 28248 /run/systemd/journal/stdout
ffff8d75e0040000: 00000003 00000000 00000000 0001 03 30531 /run/user/1000/at-spi/bus
ffff8d75d7a69400: 00000003 00000000 00000000 0001 03 30228
ffff8d75d21e2800: 00000003 00000000 00000000 0001 03 29821 /run/systemd/journal/stdout
ffff8d75bc386000: 00000003 00000000 00000000 0001 03 29548 /run/systemd/journal/stdout
ffff8d759994e800: 00000003 00000000 00000000 0001 03 28829
ffff8d7584701000: 00000003 00000000 00000000 0001 03 39362
ffff8d75afbbf000: 00000003 00000000 00000000 0001 03 28082
ffff8d76a3246400: 00000003 00000000 00000000 0005 03 34113
ffff8d75813e5800: 00000003 00000000 00000000 0001 03 31779
ffff8d75c288ac00: 00000003 00000000 00000000 0001 03 30722 /run/user/1000/bus
ffff8d75d21d2800: 00000003 00000000 00000000 0001 03 29748
ffff8d76a3236400: 00000003 00000000 00000000 0002 03 28673
ffff8d75d2201400: 00000003 00000000 00000000 0001 03 35621
ffff8d76a5eeac00: 00000003 00000000 00000000 0001 03 34091 /run/user/1000/at-spi/bus
ffff8d75e0030400: 00000003 00000000 00000000 0001 03 33671 /run/user/1000/at-spi/bus
ffff8d75997a0400: 00000003 00000000 00000000 0001 03 29086 /run/user/1000/bus
ffff8d7695463400: 00000003 00000000 00000000 0001 03 19118 /run/systemd/journal/stdout
ffff8d75bc386c00: 00000003 00000000 00000000 0001 03 30576 /run/systemd/journal/stdout
ffff8d75d7a69800: 00000003 00000000 00000000 0001 03 30245
ffff8d7584701c00: 00000003 00000000 00000000 0001 03 39136
ffff8d75e0040c00: 00000003 00000000 00000000 0001 03 31047
ffff8d75d21e2400: 00000003 00000000 00000000 0001 03 29855
ffff8d75afbbfc00: 00000003 00000000 00000000 0001 03 28068
ffff8d759994e400: 00000003 00000000 00000000 0001 03 28831 /run/systemd/journal/stdout
ffff8d7695463800: 00000003 00000000 00000000 0001 03 42581
ffff8d75813e5400: 00000003 00000000 00000000 0001 03 30717
ffff8d76a5eea000: 00000003 00000000 00000000 0001 03 24297
ffff8d75e0030800: 00000003 00000000 00000000 0001 03 31043 /run/user/1000/bus
ffff8d75d2201800: 00000003 00000000 00000000 0001 03 30157
ffff8d75c288a000: 00000003 00000000 00000000 0001 03 28640
ffff8d75d21d2400: 00000003 00000000 00000000 0001 03 29745 /run/systemd/journal/stdout
ffff8d75997a0800: 00000003 00000000 00000000 0001 03 28262 /run/systemd/journal/stdout
ffff8d75bc386800: 00000003 00000000 00000000 0001 03 29814 /run/systemd/journal/stdout
ffff8d76a3236c00: 00000003 00000000 00000000 0001 03 21225 /run/systemd/journal/stdout
ffff8d7584701800: 00000003 00000000 00000000 0001 03 41305
ffff8d75e0040800: 00000003 00000000 00000000 0001 03 31049
ffff8d75d7a69c00: 00000003 00000000 00000000 0001 03 30322 /run/user/1000/bus
ffff8d75d21e2000: 00000003 00000000 00000000 0001 03 29912
ffff8d7695463c00: 00000002 00000000 00000000 0002 03 19481
ffff8d76a3246c00: 00000003 00000000 00000000 0005 03 34114
ffff8d75c288a400: 00000003 00000000 00000000 0001 03 30027 /run/dbus/system_bus_socket
ffff8d75d21d2000: 00000003 00000000 00000000 0001 03 29686
ffff8d75997a0c00: 00000003 00000000 00000000 0001 03 29132
ffff8d75afbbf800: 00000002 00000000 00000000 0002 03 28058
ffff8d75e0030c00: 00000003 00000000 00000000 0001 03 34015 /run/user/1000/wayland-0
ffff8d759994e000: 00000002 00000000 00000000 0002 01 28932
ffff8d76a3246800: 00000003 00000000 00000000 0001 03 21241 /run/dbus/system_bus_socket
ffff8d7584700400: 00000003 00000000 00000000 0001 03 42186 /run/systemd/journal/stdout
ffff8d75bc387400: 00000003 00000000 00000000 0001 03 28646 /run/user/1000/bus
ffff8d75d21e3c00: 00000003 00000000 00000000 0001 03 29913 /run/systemd/journal/stdout
ffff8d759994fc00: 00000003 00000000 00000000 0001 03 28938
ffff8d75e0041400: 00000003 00000000 00000000 0001 03 31045
ffff8d75d7a68000: 00000003 00000000 00000000 0001 03 30244 /run/user/1000/bus
ffff8d75afbbe400: 00000003 00000000 00000000 0001 03 28092
ffff8d76a3237000: 00000003 00000000 00000000 0001 03 22890
ffff8d7695462000: 00000002 00000000 00000000 0002 01 19553
ffff8d75e0031000: 00000003 00000000 00000000 0001 03 30962
ffff8d75d2200000: 00000003 00000000 00000000 0001 03 30747 /run/user/1000/bus
ffff8d75997a1000: 00000003 00000000 00000000 0001 03 29222
ffff8d76a3247400: 00000003 00000000 00000000 0001 03 41470 /run/user/1000/pulse/native
ffff8d75813e4c00: 00000003 00000000 00000000 0001 03 31824 /run/systemd/journal/stdout
ffff8d75c288b800: 00000003 00000000 00000000 0001 03 28652
ffff8d75d21d3c00: 00000003 00000000 00000000 0001 03 29687 /run/systemd/journal/stdout
ffff8d75e0041000: 00000003 00000000 00000000 0001 03 41303 /run/user/1000/gvfsd/socket-YjuaESvl
ffff8d7584700000: 00000003 00000000 00000000 0001 03 42187 /run/systemd/journal/stdout
ffff8d75bc387000: 00000003 00000000 00000000 0001 03 29551 /run/user/1000/bus
ffff8d75afbbe000: 00000003 00000000 00000000 0001 03 28865 /run/dbus/system_bus_socket
ffff8d75d7a68400: 00000003 00000000 00000000 0001 03 30227 /run/systemd/journal/stdout
ffff8d759994f800: 00000003 00000000 00000000 0001 03 28857 /run/dbus/system_bus_socket
ffff8d75e0031400: 00000003 00000000 00000000 0001 03 33853
ffff8d76a5eebc00: 00000003 00000000 00000000 0001 03 31264
ffff8d75c288bc00: 00000003 00000000 00000000 0001 03 31011 /run/user/1000/wayland-0
ffff8d75d21e3800: 00000002 00000000 00000000 0002 01 29845
ffff8d75d21d3800: 00000003 00000000 00000000 0001 03 29743
ffff8d75d2200400: 00000003 00000000 00000000 0001 03 35622
ffff8d75813e4800: 00000003 00000000 00000000 0001 03 31782 /run/systemd/journal/stdout
ffff8d75997a1400: 00000003 00000000 00000000 0001 03 28324 /run/systemd/journal/stdout
ffff8d7695462400: 00000003 00000000 00000000 0001 03 19525 /run/dbus/system_bus_socket
ffff8d75e0041c00: 00000003 00000000 00000000 0001 03 31051 /run/user/1000/at-spi/bus
ffff8d75d7a68800: 00000003 00000000 00000000 0001 03 30812
ffff8d75d21e3400: 00000003 00000000 00000000 0001 03 29875 /run/systemd/journal/stdout
ffff8d76a3237800: 00000003 00000000 00000000 0001 03 21203 /run/dbus/system_bus_socket
ffff8d75bc387c00: 00000003 00000000 00000000 0001 03 29550
ffff8d759994f400: 00000003 00000000 00000000 0001 03 28140 /run/user/1000/bus
ffff8d76a5eeb000: 00000003 00000000 00000000 0001 03 35051
ffff8d75d2200800: 00000003 00000000 00000000 0001 03 30194 /run/user/1000/bus
ffff8d75c288b000: 00000003 00000000 00000000 0001 03 31015 /run/user/1000/wayland-0
ffff8d75d21d3400: 00000003 00000000 00000000 0001 03 30032
ffff8d75997a1800: 00000003 00000000 00000000 0001 03 29166
ffff8d7695462800: 00000003 00000000 00000000 0001 03 19523
ffff8d75813e4400: 00000003 00000000 00000000 0001 03 30719 /run/user/1000/bus
ffff8d75e0031800: 00000003 00000000 00000000 0001 03 30992 /run/user/1000/gvfsd/socket-Ar1Og1oz
ffff8d75d7a68c00: 00000003 00000000 00000000 0001 03 30234
ffff8d75afbbe800: 00000003 00000000 00000000 0001 03 28912 /run/user/1000/pipewire-0
ffff8d7584700c00: 00000003 00000000 00000000 0005 03 39353
ffff8d7584700800: 00000003 00000000 00000000 0001 03 39137
ffff8d76a3237c00: 00000003 00000000 00000000 0001 03 31842
ffff8d75e0041800: 00000003 00000000 00000000 0001 03 31048
ffff8d75d21e3000: 00000003 00000000 00000000 0001 03 29915
ffff8d75bc387800: 00000003 00000000 00000000 0001 03 29585
ffff8d759994f000: 00000003 00000000 00000000 0001 03 28939 /run/user/1000/pipewire-0
ffff8d76a3247800: 00000003 00000000 00000000 0001 03 34452
ffff8d76a3247c00: 00000003 00000000 00000000 0005 03 34450
ffff8d75d2200c00: 00000003 00000000 00000000 0001 03 30745 /run/user/1000/bus
ffff8d7695462c00: 00000003 00000000 00000000 0001 03 19320
ffff8d75e0031c00: 00000003 00000000 00000000 0001 03 30435 /run/user/1000/pulse/native
ffff8d75c288b400: 00000003 00000000 00000000 0001 03 28643
ffff8d75d21d3000: 00000003 00000000 00000000 0001 03 29693 /run/systemd/journal/stdout
ffff8d75997a1c00: 00000003 00000000 00000000 0001 03 28265 /run/systemd/journal/stdout
ffff8d76a5eeb400: 00000003 00000000 00000000 0001 03 28804 /run/dbus/system_bus_socket
ffff8d7599796400: 00000002 00000000 00010000 0001 01 29225 @/tmp/.ICE-unix/2947
ffff8d758462c400: 00000003 00000000 00000000 0001 03 28676 @9c57c433e8eedb64/bus/systemd/bus-system
ffff8d75bc36fc00: 00000002 00000000 00010000 0001 01 29435 @/tmp/.X11-unix/X0
ffff8d75bc36e000: 00000002 00000000 00010000 0001 01 29437 @/tmp/.X11-unix/X1
ffff8d768951d000: 00000003 00000000 00000000 0001 03 18881 @65a7501bf8716f9c/bus/systemd-timesyn/bus-api-timesync
ffff8d768cb43400: 00000003 00000000 00000000 0001 03 19119 @579a12bbbd2d6833/bus/systemd/bus-api-system
ffff8d768c29ec00: 00000003 00000000 00000000 0001 03 18882 @f8b7c0d7031e8e76/bus/systemd-resolve/bus-api-resolve
ffff8d768d12ec00: 00000003 00000000 00000000 0001 03 19293 @662276806f67509d/bus/systemd-logind/system
ffff8d768cba1000: 00000003 00000000 00000000 0001 03 18127 @ef691fba22cabd83/bus/systemd-oomd/bus-api-oom
ffff8d75afbbec00: 00000003 00000000 00000000 0001 03 28063 @a61b08e5f569f54f/bus/systemd/bus-api-user
